4.21 2 0.0 16.7
1029.31 2 0.0 16.7
157.63 2 0.0 16.7
39.99 2 0.0 16.7
28.19 2 0.0 16.7
21.85 2 0.0 16.7
37.62 2 0.0 16.7
1038.49 2 0.0 16.7
4.02 2 0.0 16.7
31.73 2 0.0 16.7
163.02 2 0.0 16.7
28.9 2 0.0 16.7
32.16 2 0.0 16.7
34.56 2 0.0 16.7
44.04 2 0.0 16.7
45.54 2 0.0 16.7
367.79 2 0.0 16.7
17.69 2 0.0 16.7
31.64 2 0.0 16.7
313.76 2 0.0 16.7
139.9 2 0.0 16.7
38.57 2 0.0 16.7
80.68 2 0.0 16.7
96.68 2 0.0 16.7
227.6 2 0.0 16.7
56.46 2 0.0 16.7
47.66 2 0.0 16.7
332.25 4 0.0 16.7
112.75 2 0.0 16.7
212.13 4 0.0 16.7
921.26 4 8.521359687455979 16.7
194.07 4 0.01860535205841174 16.7
159.8 2 0.0 16.7
80.95 4 0.0 16.7
46.49 4 0.0 16.7
1223.0 4 0.0 16.7
37.77 4 0.0 16.7
470.03 4 0.2292337773030546 16.7
630.28 4 1.2381584481403038 16.7
216.24 4 0.0 16.7
2364.51 2 0.0 16.7
282.05 2 0.0 16.7
209.33 2 0.0 16.7
149.58 2 0.0 16.7
478.41 2 0.056215477747766585 16.7
2146.18 4 16.212146088743353 16.7
526.04 4 0.0 16.7
259.48 6 0.0 16.7
258.54 6 0.0 16.7
443.5 6 0.0 16.7
90.33 6 0.0 16.7
106.51 6 0.0 16.7
179.19 4 0.0 16.7
373.42 4 0.0 16.7
25.64 4 0.0 16.7
909.54 4 0.04335683689400227 16.7
131.18 6 0.0 16.7
392.35 4 0.0 16.7
14.52 4 0.028063845615996286 16.7
305.42 4 0.05785521516662939 16.7
6.79 4 0.0 16.7
655.67 4 0.0 16.7
0.2 4 0.0 16.7
85.46 4 0.0 16.7
464.57 4 0.0 16.7
534.81 4 0.0 16.7
490.43 4 0.0 16.7
490.42 4 0.0208700165748823 16.7
0.2 4 0.0 16.7
258.41 4 0.0 16.7
442.56 4 0.0 16.7
5.28 4 0.0 16.7
842.37 4 0.0 16.7
145.63 4 0.0 16.7
542.92 4 0.018808090645702435 16.7
0.13 4 0.0 16.7
378.21 4 0.0 16.7
12.52 4 0.0 16.7
177.64 4 0.0 16.7
222.3 4 0.0 16.7
396.85 4 0.0 16.7
5.14 4 0.0 16.7
1352.66 2 0.0 16.7
11.37 2 0.0 16.7
853.89 2 0.0 16.7
5.53 2 0.0 16.7
8.26 4 0.0 16.7
0.2 4 0.0 16.7
0.2 4 0.0 16.7
264.89 4 0.0 16.7
194.39 4 0.0 16.7
226.57 4 0.0 16.7
0.2 4 0.0 16.7
376.02 4 0.0 16.7
181.68 4 0.0 16.7
457.38 4 0.0 16.7
4.18 4 0.0 16.7
421.79 4 0.02932986192032061 16.7
406.71 4 0.0 16.7
6.11 4 0.0 16.7
538.06 4 0.0 16.7
547.88 4 0.0 16.7
543.66 4 0.0 16.7
25.95 4 0.0 16.7
36.72 4 0.0 16.7
944.59 4 0.0 16.7
118.82 6 0.0 16.7
110.63 6 0.0 16.7
519.7 4 0.0 16.7
182.86 4 0.0 16.7
375.73 4 0.0 16.7
405.8 4 0.0 16.7
422.87 4 0.1666481896660592 16.7
3.15 4 0.0 16.7
457.78 4 0.0 16.7
0.2 4 0.0 16.7
11.59 4 0.0 16.7
0.2 4 0.0 16.7
433.13 4 0.0 16.7
264.64 4 0.0 16.7
0.2 4 0.0 16.7
543.48 4 0.0 16.7
546.74 4 0.0 16.7
537.89 4 0.0 16.7
6.08 4 0.0 16.7
53.99 4 0.0 16.7
1496.37 4 0.0 16.7
277.65 4 0.0 16.7
199.07 4 0.0 16.7
839.85 2 0.0 16.7
2.33 2 0.0 16.7
742.73 2 0.0 16.7
81.68 2 0.0 16.7
31.67 2 0.017398285064697205 16.7
32.39 2 0.030611608076380747 16.7
79.86 2 0.01789536686524329 16.7
736.43 2 0.0 16.7
3.42 2 0.0 16.7
1396.36 2 0.0 16.7
485.43 2 0.0 16.7
530.76 2 0.0 16.7
6.6 2 0.0 16.7
818.18 2 0.0 16.7
516.47 2 0.0 16.7
0.2 2 0.0 16.7
437.0 2 0.0 16.7
34.93 2 0.0 16.7
528.11 2 0.0 16.7
569.56 2 0.0 16.7
0.2 2 0.0 16.7
233.3 4 0.0 16.7
474.62 4 0.0 16.7
23.09 2 0.0 16.7
0.11 2 0.0 16.7
459.4 2 0.0 16.7
0.2 2 0.0 16.7
512.85 2 0.0 16.7
2.73 2 0.0 16.7
772.66 2 0.0 16.7
773.48 2 0.0 16.7
2.67 2 0.0 16.7
514.64 2 0.0 16.7
0.2 2 0.0 16.7
459.59 2 0.0 16.7
0.2 2 0.0 16.7
478.23 4 0.0 16.7
248.04 4 0.0 16.7
104.47 4 0.0 16.7
15.22 2 0.018997848864731992 16.7
826.67 2 0.0 16.7
4.3 2 0.0 16.7
965.39 2 0.0 16.7
100.72 2 0.0 16.7
350.47 2 0.0 16.7
92.26 2 0.0 16.7
207.21 2 0.0 16.7
4337.6 4 0.0 16.7
948.63 4 0.0 16.7
2.28 4 0.0 16.7
278.57 4 0.0 16.7
260.18 4 0.0 16.7
19.21 4 0.0 16.7
0.82 4 0.0 16.7
650.65 4 0.0 16.7
7.48 4 0.0 16.7
266.23 4 0.0 16.7
55.52 4 0.0 16.7
5295.47 2 0.0 16.7
1353.58 2 0.0 16.7
281.26 2 0.0 16.7
855.94 2 0.0 16.7
1.78 2 0.0 16.7
385.42 2 0.0 16.7
777.55 2 0.0 16.7
1444.97 2 0.0 16.7
12.09 4 0.0 16.7
958.37 4 0.0 16.7
22.54 4 0.0 16.7
761.43 4 0.0 16.7
421.45 4 0.0 16.7
567.63 4 0.0 16.7
0.2 4 0.0 16.7
497.96 4 0.0 16.7
504.62 4 0.0 16.7
185.82 2 0.0 16.7
1.74 2 0.0 16.7
647.72 2 0.0 16.7
409.95 2 0.0 16.7
13.3 2 0.0 16.7
53.6 4 0.0 16.7
512.58 2 0.0 16.7
541.25 2 0.0 16.7
1.43 2 0.0 16.7
23.45 2 0.0 16.7
115.69 2 0.0 16.7
21.95 2 0.0 16.7
354.38 2 0.0 16.7
796.12 2 0.0 16.7
0.2 2 0.0 16.7
419.79 2 0.0 16.7
674.8 2 0.0 16.7
0.2 2 0.0 16.7
469.44 2 0.0 16.7
517.91 2 0.0 16.7
2.82 2 0.0 16.7
704.66 2 0.0 16.7
735.66 2 0.0 16.7
3.53 2 0.0 16.7
515.98 2 0.0 16.7
466.3 2 0.0 16.7
0.2 2 0.0 16.7
672.62 2 0.0 16.7
416.8 2 0.0 16.7
0.2 2 0.0 16.7
795.0 2 0.0 16.7
353.21 2 0.0 16.7
227.43 2 0.0 16.7
89.8 2 0.0 16.7
851.52 2 0.0 16.7
0.2 2 0.0 16.7
440.58 2 0.0 16.7
452.85 2 0.0 16.7
85.6 2 0.0 16.7
47.33 2 0.0 16.7
443.55 2 0.0 16.7
0.2 2 0.0 16.7
851.1 2 0.0 16.7
367.9 2 0.0 16.7
198.03 2 0.0 16.7
1619.06 6 0.04998965663018495 16.7
448.77 8 0.024743955220635883 16.7
243.38 8 0.0 16.7
266.21 4 0.0 16.7
52.12 4 0.0 16.7
140.1 2 0.0 16.7
14.72 6 0.0 16.7
271.06 6 0.0 16.7
2253.51 6 0.0773523810159098 16.7
522.09 2 0.0 16.7
946.4 6 0.0 16.7
296.92 6 0.0 16.7
1469.07 6 0.0 16.7
336.5 2 0.0 16.7
54.38 2 0.0 16.7
107.49 2 0.0 16.7
143.16 2 0.0 16.7
39.77 2 0.0 16.7
43.19 2 0.0 16.7
6.79 2 0.0 16.7
107.51 2 0.0 16.7
444.92 2 0.0 16.7
123.01 4 0.0 16.7
619.83 4 0.0 16.7
781.3 4 0.0 16.7
384.68 2 0.02211793224917713 16.7
154.92 2 0.0 16.7
1643.34 2 0.0 16.7
3.11 2 0.0 16.7
24.61 2 0.0 16.7
57.58 2 0.0 16.7
319.99 2 0.0 16.7
850.7 2 0.0 16.7
849.99 6 0.018314932194865463 16.7
17.19 2 0.0 16.7
424.65 2 0.0 16.7
7.82 2 0.0 16.7
279.81 2 0.0 16.7
179.6 2 0.0 16.7
533.57 2 0.0 16.7
242.62 2 0.0 16.7
79.78 2 0.0 16.7
308.99 2 0.0 16.7
133.33 2 0.0 16.7
559.64 4 0.0 16.7
1137.98 6 0.0 16.7
635.54 2 0.0 16.7
371.3 2 0.0 16.7
375.92 2 0.0 16.7
685.48 2 0.0 16.7
4336.8 4 0.0 16.7
13.27 4 0.0 16.7
304.09 4 0.0 16.7
9.2 4 0.0 16.7
650.1 4 0.0 16.7
0.72 4 0.0 16.7
503.57 4 0.0 16.7
500.71 4 0.0 16.7
0.2 4 0.0 16.7
563.26 4 0.015899084102674266 16.7
420.61 4 0.0 16.7
759.25 4 0.0 16.7
24.6 4 0.0 16.7
968.36 4 0.0 16.7
30.29 4 0.0 16.7
30.08 4 0.0 16.7
1049.45 2 0.015948400595519274 16.7
890.73 2 0.0 16.7
272.1 2 0.0 16.7
0.2 2 0.0 16.7
264.01 2 0.0 16.7
204.27 2 0.0 16.7
234.44 2 0.0 16.7
733.69 2 0.0 16.7
163.99 2 0.0 16.7
403.41 2 0.0 16.7
14.13 2 0.0 16.7
450.09 2 0.0 16.7
0.56 2 0.0 16.7
377.01 2 0.0 16.7
269.07 2 0.0 16.7
549.09 2 0.0 16.7
527.52 2 0.04137320656759513 16.7
6.16 2 0.0 16.7
403.2 2 0.0 16.7
404.13 2 0.0 16.7
17.02 2 0.0 16.7
443.6 2 0.0 16.7
0.21 2 0.0 16.7
436.52 2 0.0 16.7
10.72 2 0.0 16.7
843.6 2 0.0 16.7
844.3 2 0.0 16.7
8.74 2 0.0 16.7
94.59 2 0.0 16.7
1028.76 2 0.0 16.7
2.55 2 0.0 16.7
140.41 2 0.0 16.7
102.87 2 0.0 16.7
152.76 2 0.0 16.7
255.67 2 0.0 16.7
105.64 2 0.0 16.7
34.79 2 0.0 16.7
249.28 4 0.0 16.7
9.23 4 0.0 16.7
113.0 4 0.0 16.7
89.54 4 0.0 16.7
251.79 4 0.0 16.7
0.2 2 0.0 16.7
433.32 2 0.0 16.7
295.63 2 0.0 16.7
497.27 2 0.0 16.7
0.2 2 0.0 16.7
413.97 2 0.0 16.7
481.53 2 0.0 16.7
213.23 2 0.0 16.7
486.35 2 0.0 16.7
608.41 2 0.0 16.7
34.6 2 0.0 16.7
339.47 2 0.0 16.7
419.78 2 0.0 16.7
669.3 2 0.0 16.7
0.2 2 0.0 16.7
458.0 2 0.0 16.7
522.15 2 0.0 16.7
0.2 2 0.0 16.7
641.63 2 0.0 16.7
8.02 2 0.0 16.7
369.89 2 0.0 16.7
8.86 2 0.0 16.7
388.72 2 0.0 16.7
422.15 2 0.0 16.7
3.01 2 0.0 16.7
428.36 2 0.0 16.7
0.2 2 0.0 16.7
498.49 2 0.0 16.7
324.24 2 0.0 16.7
480.67 2 0.0 16.7
580.98 2 0.0 16.7
0.2 2 0.0 16.7
651.08 2 0.0 16.7
26.26 2 0.0 16.7
203.63 2 0.0 16.7
535.9 2 0.0 16.7
426.14 2 0.0 16.7
480.6 2 0.0 16.7
0.2 2 0.0 16.7
506.4 2 0.01930872600489053 16.7
525.67 2 0.0 16.7
375.63 2 0.0 16.7
3.08 2 0.0 16.7
563.56 2 0.0 16.7
704.69 2 0.020700827162482227 16.7
0.22 2 0.0 16.7
516.53 2 0.0 16.7
452.16 2 0.0 16.7
0.2 2 0.0 16.7
681.03 2 0.0 16.7
419.53 2 0.0 16.7
795.42 2 0.0 16.7
546.69 2 0.0 16.7
0.2 2 0.0 16.7
0.2 2 0.0 16.7
521.65 2 0.0 16.7
518.12 2 0.0 16.7
523.28 2 0.0 16.7
7.68 2 0.0 16.7
640.83 2 0.0 16.7
391.47 2 0.0 16.7
2.83 2 0.0 16.7
349.89 2 0.0 16.7
465.83 2 0.4654238867506244 16.7
10.56 2 0.0 16.7
471.91 2 0.0 16.7
434.36 2 0.0 16.7
83.42 2 0.0 16.7
75.01 2 0.0 16.7
3.09 2 0.0 16.7
400.95 4 0.0 16.7
397.82 4 0.0 16.7
5.43 4 0.0 16.7
650.65 2 0.0 16.7
474.2 2 0.0 16.7
508.69 2 0.0 16.7
0.97 2 0.0 16.7
26.2 2 0.0 16.7
208.61 2 0.0 16.7
15.54 2 0.0 16.7
545.7 2 0.0 16.7
414.65 2 0.0 16.7
397.75 2 0.0 16.7
0.2 2 0.0 16.7
505.82 2 0.0 16.7
548.42 2 0.0 16.7
5.98 2 0.0 16.7
636.97 2 0.0 16.7
8.65 4 0.0 16.7
395.72 4 0.0 16.7
454.89 4 0.0 16.7
402.31 4 0.0 16.7
19.08 4 0.0 16.7
446.56 4 0.0 16.7
4.4 4 0.0 16.7
382.15 4 0.0 16.7
27.21 4 0.0 16.7
3.57 4 0.0 16.7
33.14 4 0.0 16.7
15.35 2 0.0 16.7
639.78 2 0.0 16.7
25.24 2 0.0 16.7
5.44 2 0.0 16.7
547.15 2 0.0 16.7
506.43 2 0.0 16.7
0.2 2 0.0 16.7
394.09 2 0.0 16.7
413.83 2 0.0 16.7
548.35 2 0.0 16.7
208.25 2 0.0 16.7
350.88 2 3.533463348785215 16.7
468.35 2 0.0 16.7
0.78 2 0.0 16.7
459.7 2 0.0 16.7
0.2 2 0.0 16.7
356.11 2 0.0 16.7
11.77 2 0.0 16.7
3.16 2 0.0 16.7
472.37 2 0.0 16.7
195.19 2 0.0 16.7
258.53 2 0.0 16.7
976.44 2 0.0 16.7
6.45 2 0.0 16.7
476.25 2 0.0 16.7
466.41 2 0.0 16.7
544.84 2 0.0 16.7
47.73 2 0.0 16.7
422.63 2 0.0 16.7
483.5 2 0.0 16.7
454.59 2 0.0 16.7
472.23 2 0.0 16.7
494.06 2 0.0 16.7
0.2 2 0.0 16.7
342.78 2 0.0 16.7
735.23 2 0.0 16.7
918.52 2 0.0 16.7
264.03 2 0.0 16.7
496.05 2 0.0 16.7
317.99 2 0.0 16.7
165.83 2 0.0 16.7
0.2 2 0.0 16.7
413.16 2 0.0 16.7
5.09 6 0.0 16.7
493.34 6 0.0 16.7
826.26 2 0.0 16.7
419.94 2 0.0 16.7
518.84 2 0.0 16.7
499.56 2 0.0 16.7
197.12 4 0.0 16.7
198.72 4 0.0 16.7
308.38 4 0.0 16.7
72.37 4 0.0 16.7
36.28 4 0.0 16.7
0.2 4 0.0 16.7
364.0 4 0.0 16.7
475.68 4 0.0 16.7
0.52 4 0.0 16.7
450.87 4 0.0 16.7
0.2 4 0.0 16.7
205.42 4 0.0 16.7
200.67 4 0.0 16.7
5.52 4 0.0 16.7
142.02 4 0.0 16.7
102.28 4 0.0 16.7
147.82 4 0.0 16.7
386.97 4 0.0 16.7
415.81 2 0.0 16.7
66.54 2 0.0 16.7
90.81 2 0.0 16.7
439.13 2 0.0 16.7
308.36 2 0.0 16.7
364.37 2 0.0 16.7
10.77 2 0.0 16.7
222.51 2 0.0 16.7
0.2 2 0.0 16.7
10.0 2 0.0 16.7
359.06 2 0.0 16.7
64.4 2 0.0 16.7
145.05 6 0.0 16.7
962.98 6 0.0 16.7
241.87 6 0.0 16.7
633.51 6 0.0 16.7
37.39 6 0.0 16.7
256.88 6 0.0 16.7
215.45 6 0.0 16.7
951.52 6 0.0 16.7
10.33 6 0.0 16.7
1014.37 6 0.0 16.7
176.6 6 0.0 16.7
348.91 6 0.0 16.7
491.53 2 0.0 16.7
17.25 4 0.0 16.7
760.93 4 0.0 16.7
318.39 2 0.0 16.7
0.2 2 0.0 16.7
44.65 2 0.026161691954911248 16.7
16.05 2 0.0 16.7
7.31 2 0.0 16.7
24.8 2 0.0 16.7
56.33 2 0.0 16.7
378.84 2 0.0 16.7
313.07 2 0.0 16.7
351.51 4 0.0 16.7
245.83 2 0.0 16.7
7.74 2 0.0 16.7
96.67 2 0.0 16.7
0.2 2 0.0 16.7
210.86 2 0.0 16.7
106.7 2 0.0 16.7
1249.91 4 0.0 16.7
321.47 4 0.0 16.7
274.36 2 0.0 16.7
425.03 2 0.0 16.7
8626.85 8 0.0 16.7
305.84 8 0.0 16.7
58.67 2 0.0 16.7
257.36 2 0.0 16.7
1242.36 2 0.0 16.7
247.8 2 0.0 16.7
1222.88 2 0.0 16.7
306.96 2 0.0 16.7
272.92 2 0.0 16.7
958.25 2 0.0 16.7
5.39 2 0.0 16.7
304.6 2 0.0 16.7
11.22 2 0.0 16.7
782.12 2 0.0 16.7
38.68 2 0.0 16.7
4.6 2 0.0 16.7
44.68 2 0.0 16.7
732.98 2 0.0 16.7
304.04 2 0.0 16.7
410.27 2 0.0 16.7
63.94 2 0.16628561320591118 16.7
63.31 2 0.0 16.7
407.74 2 0.0 16.7
303.82 2 0.0 16.7
2181.76 4 0.0 16.7
0.18 2 0.0 16.7
242.84 2 0.0 16.7
5.94 2 0.0 16.7
252.01 2 0.0 16.7
201.26 2 0.0 16.7
272.61 2 0.0 16.7
130.06 2 0.0 16.7
122.36 2 0.0 16.7
134.25 2 0.0 16.7
502.53 2 0.0 16.7
11.61 2 0.0 16.7
457.7 2 0.0 16.7
252.5 2 0.0 16.7
71.95 2 0.0 16.7
451.66 4 0.0 16.7
486.63 4 0.0 16.7
203.79 4 0.0 16.7
207.44 4 0.0 16.7
0.2 4 0.0 16.7
81.08 4 0.0 16.7
293.99 4 0.0 16.7
360.29 4 0.0 16.7
0.2 4 0.0 16.7
50.51 4 0.0 16.7
372.63 4 0.0 16.7
147.96 4 0.0 16.7
102.67 4 0.0 16.7
141.47 4 0.0 16.7
4.35 4 0.0 16.7
49.67 6 0.0 16.7
168.67 6 0.0 16.7
650.74 6 0.0 16.7
202.84 6 0.0 16.7
211.0 6 0.0 16.7
384.6 2 0.0 16.7
845.87 2 0.0 16.7
273.61 2 0.0 16.7
801.0 2 0.0 16.7
3.05 2 0.0 16.7
700.86 2 0.0 16.7
7.55 2 0.0 16.7
169.22 2 0.0 16.7
221.93 2 0.0 16.7
399.37 2 0.0 16.7
6.61 2 0.0 16.7
530.79 2 0.0 16.7
485.45 2 0.0 16.7
504.17 2 0.0 16.7
32.85 2 0.0 16.7
441.92 2 0.0 16.7
15.65 2 0.0 16.7
515.36 2 0.0 16.7
57.08 2 0.0 16.7
0.2 2 0.0 16.7
544.24 2 0.0 16.7
536.64 2 0.0 16.7
0.7 2 0.0 16.7
158.98 2 0.0 16.7
731.34 2 0.0 16.7
229.68 2 0.0 16.7
201.64 2 0.0 16.7
264.15 2 0.0 16.7
0.2 2 0.0 16.7
269.68 2 0.0 16.7
536.14 2 0.0 16.7
542.33 2 0.0 16.7
0.2 2 0.0 16.7
201.05 2 0.0 16.7
224.69 2 0.0 16.7
864.67 2 0.2207339797344865 16.7
0.2 2 0.0 16.7
143.93 2 0.0 16.7
99.22 2 0.0 16.7
157.44 2 0.0 16.7
598.91 2 0.0 16.7
4.67 2 0.0 16.7
258.53 2 0.0 16.7
141.99 2 0.0 16.7
100.9 2 0.0 16.7
151.51 2 0.0 16.7
251.98 2 0.0 16.7
158.65 2 0.0 16.7
158.5 2 0.0 16.7
252.03 2 0.0 16.7
151.38 2 0.0 16.7
100.97 2 0.0 16.7
141.9 2 0.0 16.7
0.2 2 0.0 16.7
412.68 2 0.0 16.7
6.52 2 0.0 16.7
546.46 2 0.0 16.7
545.21 2 0.0 16.7
0.2 2 0.0 16.7
441.2 2 0.0 16.7
0.2 2 0.0 16.7
448.46 2 0.0 16.7
11.59 2 0.0 16.7
412.97 2 0.0 16.7
395.92 2 0.0 16.7
6.61 2 0.0 16.7
529.41 2 0.0 16.7
62.76 2 0.0 16.7
1.8 2 0.0 16.7
1.72 2 0.0 16.7
63.14 2 0.0 16.7
153.32 2 0.0 16.7
99.96 2 0.0 16.7
143.01 2 0.0 16.7
0.2 2 0.0 16.7
463.12 2 0.0 16.7
463.68 2 0.0 16.7
1857.72 2 0.0 16.7
623.8 2 0.0 16.7
497.31 2 0.0 16.7
626.35 2 0.0 16.7
699.02 2 0.0 16.7
711.44 2 0.0 16.7
2271.32 2 0.0 16.7
641.56 2 0.0 16.7
27.84 2 0.0 16.7
198.34 2 0.023428660944674107 16.7
22.37 2 0.0 16.7
379.8 2 0.0 16.7
9.4 2 0.0 16.7
48.35 2 0.0 16.7
263.71 2 0.0 16.7
287.28 2 0.0 16.7
371.18 2 0.0 16.7
168.8 2 0.026873844494954113 16.7
33.26 2 0.0 16.7
555.51 2 0.0 16.7
205.84 2 0.0 16.7
337.68 2 0.0 16.7
337.83 4 0.0 16.7
172.54 4 0.0 16.7
2.34 4 0.0 16.7
944.26 4 0.0 16.7
644.42 2 0.0 16.7
234.96 2 0.0 16.7
10.87 2 0.0 16.7
173.82 4 0.0 16.7
2868.75 4 0.0 16.7
507.97 2 0.0 16.7
2886.4 4 0.0 16.7
164.96 4 0.0 16.7
789.55 4 0.0 16.7
43.52 4 0.0 16.7
424.91 2 0.0 16.7
317.84 2 0.0 16.7
403.47 2 0.0 16.7
25.87 2 0.0 16.7
209.16 2 0.0 16.7
406.0 2 0.0 16.7
12.13 2 0.0 16.7
543.98 2 0.0 16.7
413.65 2 0.0 16.7
308.28 2 0.0 16.7
0.2 2 0.0 16.7
511.75 2 0.0 16.7
509.93 2 0.0 16.7
4.83 2 0.0 16.7
273.78 2 0.0 16.7
14.57 2 0.0 16.7
401.83 2 0.0 16.7
207.85 2 0.0 16.7
25.01 2 0.0 16.7
273.62 2 0.0 16.7
4.38 2 0.0 16.7
507.09 2 0.0 16.7
512.58 2 0.0 16.7
0.2 2 0.0 16.7
305.32 2 0.0 16.7
413.71 2 0.0 16.7
544.01 2 0.0 16.7
415.34 2 0.0 16.7
1325.51 2 8.64338168339412 16.7
3.1 2 0.0 16.7
320.66 2 0.019873223569387477 16.7
6.13 2 0.0 16.7
580.43 2 0.0 16.7
252.1 2 0.0 16.7
247.68 2 0.0 16.7
649.2 2 0.0 16.7
0.2 2 0.0 16.7
584.71 2 0.09721506869908225 16.7
4.1 2 0.0 16.7
620.88 2 0.0 16.7
627.0 2 0.0 16.7
4.26 2 0.0 16.7
38.7 2 0.0 16.7
483.75 2 0.15243590088608983 16.7
95.99 2 0.0 16.7
100.17 2 0.0 16.7
272.67 2 0.0 16.7
261.7 2 0.0 16.7
454.24 2 0.0 16.7
460.65 2 0.0 16.7
1443.5 2 0.0 16.7
109.14 4 0.0 16.7
1967.85 4 1.9253586956705284 16.7
169.74 4 0.0 16.7
160.37 2 0.0 16.7
19.61 4 0.0 16.7
709.8 4 0.0 16.7
11.3 4 0.0 16.7
133.63 2 0.0 16.7
117.27 2 0.0 16.7
179.77 2 0.0 16.7
394.67 4 0.0 16.7
147.84 2 0.0 16.7
150.56 2 8.25836242923801 16.7
245.9 2 0.026872502998447345 16.7
274.29 2 0.0 16.7
9.49 2 0.0 16.7
14.19 2 0.0 16.7
75.46 2 0.0 16.7
10.61 2 0.0 16.7
65.11 2 2.7451302720851505 16.7
11.45 2 0.0 16.7
49.84 2 0.0 16.7
10.23 2 0.0 16.7
52.95 2 0.0 16.7
553.43 2 8.296351988205785 16.7
316.96 2 0.0 16.7
261.88 2 0.0 16.7
72.73 2 0.016379535276097812 16.7
486.98 2 0.0 16.7
937.26 4 1.8433713317441658 16.7
1.34 4 0.0 16.7
864.21 4 0.10449478517088906 16.7
866.06 4 0.0 16.7
3.44 4 0.0 16.7
768.71 4 0.0 16.7
475.77 2 0.0 16.7
366.15 2 0.0 16.7
50.61 2 0.0 16.7
92.39 2 0.0 16.7
115.65 2 0.0 16.7
32.24 4 0.0 16.7
268.14 4 0.0 16.7
13.14 4 0.0 16.7
0.2 4 0.0 16.7
0.2 4 0.0 16.7
11.4 4 0.0 16.7
361.94 4 0.0 16.7
38.09 4 0.0 16.7
629.6 6 9.75557606664005 16.7
151.61 6 0.0 16.7
445.65 2 0.0 16.7
477.79 2 0.0 16.7
468.02 2 0.0 16.7
20.29 2 0.0 16.7
560.13 2 0.0 16.7
37.44 2 0.0 16.7
167.25 2 0.0 16.7
420.38 2 0.0 16.7
32.62 2 0.0 16.7
481.17 2 0.0 16.7
293.27 2 0.0 16.7
77.73 2 0.0 16.7
353.75 2 0.0 16.7
0.2 2 0.0 16.7
443.19 2 0.0 16.7
0.18 2 0.0 16.7
520.56 2 0.0 16.7
61.72 2 0.0 16.7
251.45 2 0.0 16.7
465.78 2 0.0 16.7
114.16 2 0.0 16.7
215.53 2 0.0 16.7
652.56 2 0.0 16.7
270.78 2 0.0 16.7
603.75 2 0.0 16.7
95.11 2 0.0 16.7
201.57 2 0.0 16.7
262.84 2 0.0 16.7
90.57 2 0.0 16.7
147.07 2 0.0 16.7
324.54 2 0.0 16.7
34.26 2 0.0 16.7
590.44 2 0.0 16.7
248.08 2 0.0 16.7
234.92 2 0.0 16.7
256.44 2 0.0 16.7
254.68 2 0.0 16.7
347.44 2 0.0 16.7
283.01 2 0.0 16.7
225.51 2 0.0 16.7
188.04 2 0.0 16.7
24.74 2 0.0 16.7
163.11 2 0.0 16.7
41.67 2 0.0 16.7
479.37 2 0.0 16.7
561.29 2 0.0 16.7
21.94 2 0.0 16.7
474.27 2 0.0 16.7
446.04 2 0.0 16.7
0.2 2 0.0 16.7
350.73 2 0.0 16.7
80.27 2 0.0 16.7
295.71 2 0.0 16.7
349.26 2 0.0 16.7
184.47 2 0.0 16.7
1.7 2 0.0 16.7
500.26 2 0.05876456027549537 16.7
520.91 2 0.0 16.7
356.28 2 0.0 16.7
466.18 2 0.0 16.7
1.66 2 0.0 16.7
468.54 2 0.0 16.7
354.95 2 0.0859789295184008 16.7
543.33 2 0.0 16.7
9.08 2 0.0 16.7
128.61 2 0.0 16.7
273.08 2 0.0 16.7
308.09 2 0.0 16.7
306.35 2 0.0 16.7
49.65 2 0.0 16.7
50.87 2 0.0 16.7
115.59 6 0.0 16.7
623.8 6 0.0164854200995741 16.7
315.46 2 0.0 16.7
1908.5 6 0.0 16.7
12.65 4 0.0 16.7
358.69 2 0.0 16.7
48.2 2 0.0 16.7
176.65 6 0.0 16.7
860.6 6 0.0 16.7
1876.1 6 0.0 16.7
148.17 2 0.0 16.7
441.12 2 0.0 16.7
1001.31 4 0.0 16.7
5.37 4 0.0 16.7
175.98 4 0.0 16.7
13.91 4 0.0 16.7
373.49 4 0.0 16.7
0.2 4 0.0 16.7
546.03 4 0.02199348241133947 16.7
465.35 4 0.019904014209135568 16.7
204.79 4 0.02060182357039153 16.7
134.93 4 0.0 16.7
0.2 4 0.0 16.7
716.86 4 0.0 16.7
0.2 4 0.0 16.7
489.16 4 0.0 16.7
488.66 4 0.0 16.7
535.17 4 0.0 16.7
5.39 4 0.0 16.7
398.01 4 0.0 16.7
219.38 4 0.0 16.7
67.48 2 0.0 16.7
153.59 2 0.0 16.7
401.37 4 0.0 16.7
8.67 4 0.0 16.7
249.81 4 0.0 16.7
222.04 4 0.0 16.7
7.17 4 0.0 16.7
317.82 4 0.0 16.7
258.19 4 0.0 16.7
454.6 4 0.0 16.7
15.35 4 0.0 16.7
215.96 4 0.0 16.7
275.39 4 0.0 16.7
192.03 4 0.0 16.7
2.61 4 0.0 16.7
191.65 4 0.0 16.7
276.37 4 0.0 16.7
955.56 6 0.0 16.7
41.95 6 0.0 16.7
500.27 4 0.0 16.7
513.07 4 0.0 16.7
0.2 4 0.0 16.7
500.57 4 0.0 16.7
261.56 2 0.0 16.7
0.2 2 0.0 16.7
202.38 2 0.0 16.7
203.22 2 0.0 16.7
3.07 2 0.0 16.7
144.1 2 0.0 16.7
99.74 2 0.0 16.7
155.08 2 0.0 16.7
256.48 2 0.0 16.7
102.28 2 0.0 16.7
5.97 2 0.0 16.7
205.44 2 0.0 16.7
198.33 2 0.0 16.7
0.2 2 0.0 16.7
202.09 2 0.0 16.7
205.99 2 0.0 16.7
276.68 2 0.0 16.7
312.82 2 0.0 16.7
3.4 2 0.0 16.7
231.35 2 0.0 16.7
274.73 2 0.0 16.7
128.92 2 0.0 16.7
275.19 2 0.0 16.7
222.61 2 0.0 16.7
8.14 2 0.0 16.7
2.19 2 0.0 16.7
420.51 2 0.0 16.7
2.47 2 0.0 16.7
142.63 2 0.0 16.7
109.26 2 0.0 16.7
149.29 2 0.0 16.7
3.88 2 0.0 16.7
224.99 2 0.0 16.7
277.39 2 0.0 16.7
412.85 2 0.0 16.7
283.34 2 0.0 16.7
227.45 2 0.0 16.7
8.45 2 0.0 16.7
212.67 2 0.0 16.7
252.53 2 0.0 16.7
6.45 2 0.0 16.7
252.57 2 0.0 16.7
455.25 2 0.0 16.7
2.23 2 0.0 16.7
141.33 2 0.0 16.7
103.01 2 0.0 16.7
150.03 2 0.0 16.7
259.03 2 0.0 16.7
149.64 2 0.0 16.7
220.46 2 0.0 16.7
279.57 2 0.0 16.7
127.73 2 0.0 16.7
125.11 2 0.0 16.7
128.24 2 0.0 16.7
273.82 2 0.0 16.7
237.31 2 0.0 16.7
2.6 2 0.0 16.7
369.76 2 0.0 16.7
422.37 2 0.0 16.7
1.65 2 0.0 16.7
140.8 2 0.0 16.7
101.83 2 0.0 16.7
149.5 2 0.0 16.7
256.34 2 0.0 16.7
102.5 4 0.0 16.7
149.97 4 0.0 16.7
373.63 4 0.0 16.7
21.22 4 0.0 16.7
85.09 4 0.0 16.7
639.43 4 0.0 16.7
125.95 4 0.0 16.7
336.05 4 0.0 16.7
30.38 4 0.0 16.7
4.64 4 0.0 16.7
33.94 4 0.0 16.7
23.35 4 0.0 16.7
235.8 2 0.0 16.7
347.8 2 0.0 16.7
417.94 2 0.0 16.7
5.35 2 0.0 16.7
539.16 2 0.0 16.7
19.41 2 0.0 16.7
35.22 2 0.0 16.7
558.33 2 0.0 16.7
68.0 2 0.0 16.7
576.89 2 0.0 16.7
15.32 2 0.0 16.7
23.49 2 0.0 16.7
405.57 2 0.0 16.7
411.62 2 0.0 16.7
322.0 2 0.0 16.7
0.2 2 0.0 16.7
462.33 2 0.0 16.7
498.51 2 0.0 16.7
418.38 2 0.0 16.7
569.04 2 0.0 16.7
144.99 2 0.0 16.7
261.89 2 0.0 16.7
364.89 2 0.0 16.7
272.56 2 0.016790413166447138 16.7
129.62 2 0.0 16.7
255.28 2 0.0 16.7
273.48 2 0.0 16.7
144.2 2 0.01897509100671968 16.7
2.88 2 0.0 16.7
428.46 2 0.0 16.7
230.14 2 0.0 16.7
272.01 2 0.0 16.7
217.42 2 0.0 16.7
86.51 2 0.0 16.7
345.85 2 0.0 16.7
274.04 2 0.0 16.7
415.24 2 0.0 16.7
458.76 2 0.0 16.7
2.73 2 0.0 16.7
60.87 2 0.0 16.7
457.19 2 0.0 16.7
17.48 2 0.0 16.7
389.49 2 0.0 16.7
390.36 2 0.0 16.7
320.12 8 0.0 16.7
475.36 8 0.0 16.7
32.11 8 0.0 16.7
255.19 8 0.0 16.7
118.71 8 0.0 16.7
7.53 2 0.0 16.7
325.43 2 0.0 16.7
86.29 2 0.0 16.7
32.12 6 0.0 16.7
168.53 6 0.0 16.7
1481.3 6 0.0 16.7
388.39 8 0.0 16.7
49.05 2 0.0 16.7
875.14 6 0.0 16.7
167.98 2 0.0 16.7
0.2 2 0.0 16.7
2202.78 6 0.0 16.7
105.17 8 0.0 16.7
138.89 8 0.0 16.7
222.38 4 0.0 16.7
688.37 4 0.0 16.7
4.52 4 0.0 16.7
53.04 4 0.0 16.7
360.37 2 0.0 16.7
630.18 6 0.0 16.7
307.28 6 0.0 16.7
134.43 6 0.0 16.7
37.03 6 0.0 16.7
881.23 6 0.0 16.7
52.93 6 0.0 16.7
172.09 6 0.0 16.7
115.71 6 0.0 16.7
371.16 6 0.0 16.7
994.67 6 0.0 16.7
16.42 6 0.0 16.7
15.02 6 0.0 16.7
23.57 6 0.0 16.7
893.67 6 0.0 16.7
342.52 6 0.0 16.7
2393.51 6 0.0 16.7
445.15 6 0.0 16.7
3.76 6 0.0 16.7
251.07 2 0.0 16.7
0.1 2 0.0 16.7
68.77 2 0.0 16.7
187.54 2 0.0 16.7
497.22 2 0.0 16.7
6.61 2 0.0 16.7
4.7 2 0.0 16.7
5.94 2 0.0 16.7
151.3 2 0.0 16.7
359.7 2 0.0 16.7
2.48 2 0.0 16.7
0.2 2 0.0 16.7
133.81 2 0.0 16.7
1.74 2 0.0 16.7
105.41 2 0.0 16.7
481.64 2 0.0 16.7
343.51 2 0.0 16.7
175.07 2 0.0 16.7
0.2 2 0.0 16.7
202.72 2 0.0 16.7
403.24 2 0.0 16.7
252.09 2 0.0 16.7
18.98 2 0.0 16.7
270.38 2 0.0 16.7
239.16 2 0.0 16.7
8.64 2 0.0 16.7
25.92 2 0.0 16.7
138.51 2 0.0 16.7
19.66 2 0.0 16.7
73.88 2 0.0 16.7
308.76 2 0.0 16.7
290.45 2 0.0 16.7
303.08 2 0.0 16.7
542.81 2 0.0 16.7
199.16 2 0.0 16.7
535.68 2 0.0 16.7
272.45 2 0.0 16.7
318.06 2 0.0 16.7
19.61 2 0.0 16.7
253.68 2 0.0 16.7
408.02 2 0.0 16.7
6.45 2 0.0 16.7
0.2 2 0.0 16.7
500.75 4 0.0 16.7
0.2 4 0.0 16.7
507.72 4 0.0 16.7
498.58 4 0.0 16.7
0.2 4 0.0 16.7
69.24 4 0.0 16.7
417.25 4 0.0 16.7
32.92 4 0.0 16.7
378.62 4 0.0 16.7
55.81 2 0.0 16.7
35.81 2 0.0 16.7
114.18 2 0.0 16.7
417.99 4 0.0 16.7
67.41 4 0.0 16.7
116.84 2 0.0 16.7
230.54 2 0.0 16.7
479.36 2 0.0 16.7
5.37 2 0.0 16.7
50.24 2 0.0 16.7
13.26 4 0.0 16.7
367.11 4 0.0 16.7
601.92 2 1.2740504158736563 16.7
0.2 2 0.0 16.7
212.8 2 0.0 16.7
26.61 2 0.0 16.7
320.65 2 0.0 16.7
210.11 2 0.0 16.7
979.41 2 0.0 16.7
210.47 2 0.0 16.7
12.02 2 0.0 16.7
501.96 2 0.01681391252367348 16.7
1.85 2 0.0 16.7
278.66 2 0.0 16.7
5.97 2 0.0 16.7
532.78 2 0.0 16.7
745.65 2 0.0 16.7
2.22 2 0.0 16.7
335.7 2 0.0 16.7
905.31 2 0.05633325565408498 16.7
654.64 2 0.0 16.7
224.91 2 0.0 16.7
0.2 2 0.0 16.7
504.46 2 0.0 16.7
470.65 2 0.0 16.7
0.2 2 0.0 16.7
311.97 2 0.0 16.7
413.39 2 0.018858883683545713 16.7
6.1 2 0.0 16.7
56.12 4 0.0 16.7
644.71 4 0.0 16.7
50.87 4 0.0 16.7
15.75 4 0.0 16.7
150.16 4 0.0 16.7
105.09 4 0.0 16.7
570.19 2 0.0 16.7
0.2 2 0.0 16.7
760.84 2 0.0 16.7
589.13 2 0.0 16.7
27.73 2 0.0 16.7
147.28 2 0.0 16.7
188.21 2 0.0 16.7
409.18 4 0.0 16.7
405.4 4 0.0 16.7
137.56 2 0.0 16.7
4.21 2 0.0 16.7
723.43 2 0.0 16.7
1.4 2 0.0 16.7
354.11 4 0.0 16.7
314.43 4 0.0 16.7
49.49 4 0.0 16.7
56.79 4 0.0 16.7
123.21 4 0.0 16.7
99.64 2 0.0 16.7
200.22 2 0.0 16.7
54.05 2 0.0 16.7
4.32 2 0.0 16.7
453.26 2 0.0 16.7
298.45 4 0.0 16.7
381.63 2 0.0 16.7
245.52 2 0.0 16.7
45.85 2 0.0 16.7
46.5 2 0.0 16.7
838.17 2 0.02670534135658542 16.7
1016.27 2 0.0 16.7
124.26 2 0.0 16.7
342.67 2 0.12274229772849665 16.7
30.8 2 0.0 16.7
283.23 2 0.0 16.7
239.49 2 0.0 16.7
1017.21 2 15.498419190607974 16.7
732.41 2 0.09530106659457616 16.7
80.9 2 0.0 16.7
42.88 2 0.0 16.7
332.77 4 0.0 16.7
472.38 2 0.0 16.7
14.26 2 0.0 16.7
274.47 2 0.0 16.7
192.67 2 0.0 16.7
241.75 2 0.0 16.7
147.13 2 0.0 16.7
191.76 2 0.0 16.7
150.18 2 0.0 16.7
151.49 2 0.0 16.7
114.29 2 0.0 16.7
423.48 2 6.634621674987056 16.7
0.2 2 0.0 16.7
55.79 2 0.0 16.7
15.34 2 0.0 16.7
64.19 2 0.0 16.7
40.39 2 0.0 16.7
7.81 2 0.0 16.7
662.07 4 0.0 16.7
6.05 4 0.0 16.7
748.68 2 0.0 16.7
664.79 2 0.0 16.7
320.77 2 0.0 16.7
364.66 2 0.0 16.7
36.75 2 0.0 16.7
1.31 2 0.0 16.7
288.2 2 0.0 16.7
142.12 2 0.0 16.7
316.84 4 0.0 16.7
183.38 2 0.0 16.7
1472.95 6 0.0 16.7
225.82 6 0.0 16.7
56.2 2 0.0 16.7
10.05 2 0.0 16.7
76.83 2 0.0 16.7
217.45 2 0.0 16.7
200.62 6 0.0 16.7
200.33 6 0.0 16.7
905.4 6 0.0 16.7
161.62 2 0.0 16.7
8.89 8 0.0 16.7
451.76 8 0.0 16.7
456.48 8 0.0 16.7
3.08 8 0.0 16.7
34.05 2 0.0 16.7
18.98 2 0.0 16.7
155.01 2 0.0 16.7
181.12 2 0.0 16.7
261.91 4 0.0 16.7
44.13 4 0.0 16.7
69.19 2 0.0 16.7
325.63 2 0.0 16.7
323.16 2 0.0 16.7
320.19 2 0.0 16.7
322.78 2 0.0 16.7
20.43 2 0.0 16.7
24.82 2 0.0 16.7
362.85 2 0.0 16.7
0.2 2 0.0 16.7
0.2 2 0.0 16.7
361.63 2 0.0 16.7
24.22 2 0.0 16.7
0.73 2 0.0 16.7
15.96 2 0.0 16.7
431.3 2 0.0 16.7
4.41 2 0.0 16.7
1029.63 2 0.0 16.7
1348.31 4 0.20827596608487298 16.7
35.52 4 0.0 16.7
67.04 4 0.0 16.7
42.57 4 0.0 16.7
1669.6 4 0.0 16.7
865.97 2 0.11962656730641541 16.7
1800.66 2 0.0 16.7
114.56 2 0.0 16.7
83.33 2 0.0 16.7
104.4 2 0.0 16.7
122.32 2 0.0 16.7
12.01 2 0.0 16.7
19.85 2 0.0 16.7
281.47 4 0.0 16.7
261.36 4 0.0 16.7
254.31 4 0.0 16.7
313.86 4 0.0 16.7
0.2 2 0.0 16.7
403.62 2 0.0 16.7
367.85 2 0.0 16.7
571.13 2 0.0 16.7
257.65 4 0.0 16.7
360.06 4 0.0 16.7
80.64 2 0.0 16.7
418.81 2 0.0 16.7
168.21 2 0.0 16.7
453.28 2 0.0 16.7
2.71 2 0.0 16.7
216.2 2 0.0 16.7
45.79 2 0.0 16.7
2.07 2 0.0 16.7
44.76 2 0.0 16.7
840.35 2 0.0 16.7
9.78 2 0.0 16.7
243.09 2 0.0 16.7
517.72 2 0.0 16.7
62.26 2 0.0 16.7
60.63 2 0.0 16.7
456.85 2 0.0 16.7
42.66 2 0.0 16.7
4275.29 2 0.0 16.7
3604.04 2 0.0 16.7
3136.26 6 0.0 16.7
219.8 2 0.0 16.7
180.21 4 0.0 16.7
374.16 4 0.0 16.7
282.89 4 0.0 16.7
637.94 2 0.0 16.7
136.12 2 0.0 16.7
229.98 2 0.0 16.7
312.58 2 0.0 16.7
376.48 2 0.0 16.7
3.14 2 0.0 16.7
4.03 2 0.0 16.7
163.49 2 0.0 16.7
17.69 2 0.0 16.7
38.4 2 0.0 16.7
13.33 2 0.0 16.7
17.22 2 0.0 16.7
7.53 2 0.0 16.7
111.78 2 0.0 16.7
126.71 2 0.0 16.7
349.67 2 0.0 16.7
297.87 12 0.0 16.7
638.95 12 0.0 16.7
54.37 12 0.0 16.7
1635.41 12 0.0 16.7
55.29 12 0.0 16.7
73.15 12 0.0 16.7
1560.63 12 0.0 16.7
66.76 12 0.0 16.7
159.96 12 0.0 16.7
691.94 4 0.0 16.7
758.15 4 0.0 16.7
3.5 4 0.0 16.7
210.69 2 0.0 16.7
320.95 2 0.0 16.7
549.04 2 0.0 16.7
417.41 2 0.0 16.7
215.35 2 0.0 16.7
0.2 2 0.0 16.7
26.16 2 0.0 16.7
531.42 2 0.0 16.7
11.11 2 0.0 16.7
291.4 2 0.0 16.7
2.57 2 0.0 16.7
496.97 2 0.0 16.7
12.82 2 0.0 16.7
206.89 2 0.0 16.7
207.17 2 0.0 16.7
1.23 2 0.0 16.7
226.34 2 0.0 16.7
286.75 2 0.0 16.7
24.72 2 0.0 16.7
115.3 2 13.33066062974159 16.7
239.19 2 0.0 16.7
209.33 2 0.0 16.7
11.3 2 0.0 16.7
185.13 8 0.0 16.7
399.43 8 0.0 16.7
8552.39 8 0.0 16.7
56.03 2 0.0 16.7
795.38 4 0.0 16.7
397.81 4 0.0 16.7
335.47 2 0.0 16.7
186.55 2 0.0 16.7
1247.31 2 0.0 16.7
261.78 2 0.0 16.7
58.48 2 0.0 16.7
579.01 2 0.0 16.7
739.63 2 0.0 16.7
387.32 2 0.0 16.7
2.17 2 0.0 16.7
856.65 2 0.0 16.7
1668.16 2 0.0 16.7
2717.02 2 0.0 16.7
21.45 2 0.0 16.7
2242.33 2 0.0 16.7
403.56 4 0.0 16.7
393.12 4 0.0 16.7
325.01 2 0.03374362053299507 16.7
2964.64 4 0.0 16.7
41.05 4 0.0 16.7
663.14 4 0.0 16.7
37.56 4 0.0 16.7
196.74 4 0.0 16.7
209.12 4 0.0 16.7
37.06 4 0.0 16.7
225.93 4 0.0 16.7
557.51 4 0.0 16.7
4.99 4 0.0 16.7
247.57 4 0.0 16.7
76.54 4 0.0 16.7
995.5 2 0.0 16.7
816.16 2 0.0 16.7
140.13 2 0.0 16.7
0.2 2 0.0 16.7
480.7 8 0.0 16.7
329.1 8 0.0 16.7
33.31 8 0.0 16.7
288.33 2 0.0 16.7
190.57 2 0.0 16.7
195.09 2 0.0 16.7
4.18 2 0.0 16.7
58.67 2 0.0 16.7
411.47 2 0.0 16.7
307.09 2 0.0 16.7
474.26 2 0.0 16.7
418.99 2 0.0 16.7
281.43 2 0.0 16.7
3.3 4 0.0 16.7
692.82 4 0.0 16.7
10.9 4 0.0 16.7
244.41 4 0.0 16.7
359.31 4 0.0 16.7
260.24 2 0.0 16.7
5.95 2 0.0 16.7
383.82 2 0.0 16.7
409.73 2 0.0 16.7
18.39 2 0.0 16.7
653.41 2 0.0 16.7
653.47 2 0.0 16.7
18.4 2 0.0 16.7
407.31 2 0.0 16.7
352.03 2 0.0 16.7
5.35 2 0.0 16.7
284.6 2 0.0 16.7
314.48 4 0.0 16.7
243.61 4 0.0 16.7
713.12 4 0.0 16.7
51.16 4 0.0 16.7
79.23 4 0.0 16.7
480.28 4 0.0 16.7
34.58 2 0.0 16.7
60.19 4 0.0 16.7
201.11 2 0.0 16.7
106.1 2 0.0 16.7
93.2 2 0.0 16.7
282.5 2 0.0 16.7
205.78 2 0.0 16.7
203.2 2 0.0 16.7
73.22 2 0.0 16.7
773.37 2 0.0 16.7
6.52 2 0.0 16.7
197.46 2 0.0 16.7
5.64 2 0.0 16.7
762.89 2 0.0 16.7
75.16 2 0.0 16.7
207.0 2 0.0 16.7
1104.95 2 0.11764766833142559 16.7
292.09 2 0.0 16.7
437.8 2 0.018472022259608423 16.7
221.62 2 0.0 16.7
432.4 2 0.0 16.7
3.81 2 0.0 16.7
38.93 2 0.0 16.7
0.2 2 0.0 16.7
874.14 2 0.0 16.7
34.4 2 0.0 16.7
480.3 4 0.0 16.7
140.59 2 0.0 16.7
94.64 2 0.0 16.7
8.77 2 0.0 16.7
9.51 2 0.0 16.7
254.77 4 0.0 16.7
89.52 4 0.0 16.7
112.81 4 0.0 16.7
446.84 2 0.0 16.7
7.73 2 0.0 16.7
447.04 2 0.0 16.7
275.62 4 0.0 16.7
215.97 4 0.0 16.7
15.29 4 0.0 16.7
454.41 4 0.0 16.7
4.27 2 0.0 16.7
420.01 2 0.0 16.7
42.29 4 0.0 16.7
30.46 4 0.0 16.7
432.74 4 0.0 16.7
31.05 4 0.0 16.7
31.36 4 0.0 16.7
4.08 4 0.0 16.7
0.2 4 0.0 16.7
276.39 4 0.02500973844377441 16.7
0.36 4 0.0 16.7
640.83 2 0.0 16.7
640.51 2 0.0 16.7
12.68 2 0.0 16.7
581.97 2 0.0 16.7
438.41 4 0.0 16.7
579.69 2 0.0 16.7
20.57 4 0.0 16.7
13.96 4 0.0 16.7
89.55 2 0.0 16.7
76.64 2 0.0 16.7
2.97 2 0.0 16.7
319.19 2 0.0 16.7
4923.53 2 0.0 16.7
18.33 2 0.0 16.7
5008.63 2 0.0 16.7
242.88 2 0.0 16.7
1.61 2 0.0 16.7
65.91 2 0.0 16.7
417.35 2 0.0 16.7
109.84 2 0.0 16.7
527.34 2 0.0 16.7
38.73 2 0.0 16.7
268.49 4 0.0 16.7
323.01 4 0.0 16.7
7.85 4 0.0 16.7
221.18 4 0.0 16.7
275.66 4 0.0 16.7
199.75 4 0.0 16.7
198.51 4 0.0 16.7
2.47 2 0.0 16.7
273.74 4 0.0 16.7
117.93 4 0.0 16.7
49.32 2 0.0 16.7
367.84 2 0.0 16.7
311.26 2 0.0 16.7
99.22 2 0.0 16.7
0.97 4 0.0 16.7
66.77 2 0.0 16.7
1.74 2 0.0 16.7
64.99 2 0.1925140714771807 16.7
167.02 2 0.031031539603116443 16.7
3.24 2 0.0 16.7
0.2 2 0.0 16.7
5.71 2 0.0 16.7
4.33 2 0.0 16.7
5.52 2 0.0 16.7
8.54 2 0.0 16.7
3.09 2 0.0 16.7
14.55 2 0.0 16.7
18.23 2 0.0 16.7
8.49 2 0.0 16.7
62.39 2 0.0 16.7
67.35 2 0.0 16.7
3.8 2 0.0 16.7
10.45 2 0.0 16.7
214.04 2 0.0 16.7
253.65 2 0.0 16.7
5.39 2 0.0 16.7
254.01 2 0.0 16.7
452.35 2 0.0 16.7
13.76 2 0.0 16.7
276.71 2 0.0 16.7
129.55 2 0.0 16.7
0.2 4 0.0 16.7
379.3 4 0.0 16.7
25.81 4 0.0 16.7
2.29 4 0.0 16.7
26.21 4 0.0 16.7
96.55 4 0.0 16.7
15.81 2 0.0 16.7
100.1 4 0.0 16.7
25.42 4 0.0 16.7
1.67 4 0.0 16.7
18.89 4 0.0 16.7
381.55 4 0.0 16.7
0.2 4 0.0 16.7
22.93 2 0.0 16.7
23.23 2 0.0 16.7
102.94 2 0.0 16.7
224.81 2 0.0 16.7
278.02 2 0.0 16.7
410.51 2 0.0 16.7
274.97 2 0.0 16.7
222.43 2 0.0 16.7
3.81 2 0.0 16.7
151.92 2 0.0 16.7
105.73 2 0.0 16.7
93.27 2 0.0 16.7
6.64 2 0.0 16.7
94.07 2 0.0 16.7
15.96 4 0.0 16.7
106.78 2 0.0 16.7
6.11 2 0.0 16.7
4.05 2 0.0 16.7
303.19 2 0.0 16.7
87.93 2 0.0 16.7
82.42 2 0.0 16.7
7.1 2 0.0 16.7
0.2 4 0.0 16.7
0.2 4 0.0 16.7
93.4 4 0.0 16.7
278.81 4 0.0 16.7
1.76 2 0.0 16.7
405.65 2 0.0 16.7
223.54 2 0.0 16.7
125.49 2 0.0 16.7
53.94 2 0.0 16.7
0.2 2 0.0 16.7
4.78 4 0.0 16.7
2.91 2 0.0 16.7
26.46 4 0.0 16.7
138.49 4 0.0 16.7
285.84 4 0.0 16.7
173.29 4 0.0 16.7
3.98 4 0.0 16.7
1.64 2 0.0 16.7
88.71 2 0.0 16.7
610.78 2 0.0 16.7
9.68 2 0.0 16.7
208.6 2 0.0 16.7
159.24 2 0.0 16.7
302.17 2 0.0 16.7
79.32 2 0.0 16.7
28.4 2 0.0 16.7
11.14 2 0.0 16.7
127.26 2 0.0 16.7
416.12 4 0.0 16.7
634.62 4 0.0 16.7
634.43 4 0.0 16.7
9.46 4 0.0 16.7
0.2 2 0.0 16.7
2.99 4 0.0 16.7
509.05 2 0.0 16.7
500.18 2 0.0 16.7
0.83 2 0.0 16.7
172.97 4 0.0 16.7
284.81 4 0.0 16.7
158.67 4 0.0 16.7
12.12 4 0.0 16.7
386.93 2 0.0 16.7
388.55 2 0.0 16.7
17.79 2 0.0 16.7
0.25 2 0.0 16.7
244.21 2 0.0 16.7
142.02 2 0.0 16.7
273.05 4 0.0 16.7
149.41 4 0.0 16.7
60.52 4 0.0 16.7
46.94 4 0.0 16.7
89.51 2 0.0 16.7
92.31 2 0.0 16.7
13.15 2 0.0 16.7
79.3 2 0.0 16.7
30.94 2 0.0 16.7
36.23 2 0.0 16.7
33.07 2 0.0 16.7
34.42 2 0.0 16.7
34.49 2 0.0 16.7
73.36 2 0.0 16.7
79.06 2 0.0 16.7
37.72 2 0.0 16.7
72.49 2 0.0 16.7
0.2 2 0.0 16.7
31.86 2 0.0 16.7
128.95 2 0.0 16.7
142.08 2 0.0 16.7
3.48 2 0.0 16.7
20.27 2 0.0 16.7
215.38 2 0.0 16.7
22.34 2 0.0 16.7
7.66 2 0.0 16.7
74.68 2 0.0 16.7
32.09 2 0.0 16.7
66.79 2 0.0 16.7
83.68 2 0.0 16.7
78.93 2 0.0 16.7
12.94 2 0.0 16.7
15.23 2 0.0 16.7
6.6 2 0.0 16.7
30.45 2 0.0 16.7
79.76 2 0.0 16.7
38.72 2 0.0 16.7
32.09 2 0.0 16.7
30.18 2 0.0 16.7
18.04 2 0.0 16.7
0.2 2 0.0 16.7
15.37 2 0.0 16.7
4.62 2 0.0 16.7
27.56 2 0.0 16.7
28.46 2 0.0 16.7
26.18 2 0.0 16.7
37.67 2 0.0 16.7
18.2 2 0.0 16.7
38.86 2 0.0 16.7
14.26 2 0.0 16.7
48.19 2 0.0 16.7
19.09 2 0.0 16.7
110.4 2 0.0 16.7
59.83 2 0.0 16.7
79.81 2 0.0 16.7
93.41 2 0.0 16.7
119.07 2 0.0 16.7
87.88 2 0.0 16.7
89.91 2 0.0 16.7
105.2 2 0.0 16.7
43.08 2 0.0 16.7
44.43 2 0.0 16.7
9.76 4 0.0 16.7
8.18 2 0.0 16.7
514.55 2 0.0 16.7
0.34 2 0.0 16.7
95.1 2 0.0 16.7
155.3 2 0.0 16.7
43.15 2 0.0 16.7
265.47 2 0.0 16.7
0.44 2 0.0 16.7
365.78 2 0.0 16.7
0.2 4 0.0 16.7
